0 4 8 0 1 3
0 4 0 2 1 3
3.804226e+00 1.236068e+00 0 4 5 7
3.804226e+00 1.236068e+00 8 6 5 7
3.804226e+00 1.236068e+00 8 8 9 11
3.804226e+00 1.236068e+00 0 10 9 11
2.351141e+00 -3.236068e+00 0 12 13 15
2.351141e+00 -3.236068e+00 8 14 13 15
2.351141e+00 -3.236068e+00 8 16 17 19
2.351141e+00 -3.236068e+00 0 18 17 19
-2.351141e+00 -3.236068e+00 0
-2.351141e+00 -3.236068e+00 8
-2.351141e+00 -3.236068e+00 8
-2.351141e+00 -3.236068e+00 0
-3.804226e+00 1.236068e+00 0
-3.804226e+00 1.236068e+00 8
-3.804226e+00 1.236068e+00 8
-3.804226e+00 1.236068e+00 0
-9.797174e-16 4 0
-9.797174e-16 4 8
